                  FREQUENCY=    6.000000MHZ ,AZIMUTH ANGLE OFTRANSMISION =       0.785398 DEG
                               ELEVATION ANGLE OF TRANSMISSION =   90.000000 DEG
                                            AZIMUTH
                                           DEVIATION        ELEVATION
                    HEIGHT       RANGE          XMTR  LOCAL      XMTR  LOCAL      POLARIZATION	GROUP PATH     PHASE PATH ABSO RPTION
                     KM        KM        DEG     DEG      DEG     DEG      REAL	IMAG          KM           KM          DB 
PUNCH  teX       0.40000.****** 2000000.   60000.  4500000.  9000000.       -0. 100.3T
zz  -0.596046E-07 XMTR____    0.0000     0.0006   -0.869          -35.358   90.000   -0.000   1.000      0.0000      0.0000      0.0000
zz   0.000000E+00 ENTR_ION   71.1426     0.0007    2.242           89.999   90.000   -0.001   1.019     71.1424     71.1424      0.0000
uu 0.000000E+00 ________   79.1426       0.0005   -578.996  90.000     90.000  -0.000      1.019    79.142     79.1424      0.0000
uu -.119209E-06 ________   84.1426       0.0006  -1611.243  90.000     90.000  -0.000      1.019    84.142     84.1424      0.0001
uu 0.000000E+00 ________   89.1426       0.0004  -2209.323  90.000     90.000  -0.000      1.019    89.142     89.1424      0.0001
uu -.596046E-07 ________   94.1426       0.0007   -278.778  90.000     90.000  -0.000      1.018    94.142     94.1423      0.0002
uu -.596046E-07 ________   99.1426       0.0006   -450.748  90.000     90.000  -0.000      1.018    99.142     99.1422      0.0003
uu -.596046E-07 ________  108.1421       0.0009   2977.618  90.000     90.000  -0.000      1.018   108.142    108.1413      0.0006
uu -.119209E-06 ________  118.1392       0.0005    245.136  90.000     90.000  -0.000      1.018   118.142    118.1363      0.0010
uu 0.000000E+00 ________  128.1279       0.0008  -3137.436  90.000     90.000  -0.000      1.018   128.142    128.1158      0.0014
uu 0.143051E-05 ________  149.9565       0.0120   -258.212  89.995     90.000  -0.000      1.018   150.142    149.8072      0.0020
uu 0.524521E-05 ________  169.1621       0.0627    -49.799  89.978     89.999  -0.000      1.020   170.142    168.3933      0.0026
uu -.470877E-05 ________  199.2729       0.4465     -4.964  89.868     89.989  -0.000      1.027   206.142    194.4501      0.0046
uu -.119209E-06 RCVR____  200.0000       0.4652     -5.850  89.863     89.988  -0.000      1.027   207.155    194.9991      0.0047
tt       0.    4652.******   40.89988. 200001. 7155.-5001.    5.    0.  -0. 103.1R
uu 0.258684E-04 ________  228.8130       2.1674     -1.419  89.438     89.898  -0.000      1.061   264.155    211.6495      0.0094
uu -.691056E-03 ________  236.1440       3.2608     -1.294  89.180     89.327  -0.000      1.083   304.155    213.4299      0.0127
uu -.153874E-01 APOGEE__  236.5884       3.3534     -0.594  89.158    -86.228   0.000     -1.126   320.155    213.4563      0.0141
uu -.153874E-01 MAX_LAT_  236.5884       3.3534     -0.594  89.158    -86.228   0.000     -1.126   320.155    213.4563      0.0141
uu -.153874E-01 WAVE_REV  236.5884       3.3534     -0.594  89.158    -86.228   0.000     -1.126   320.155    213.4563      0.0141
uu -.126719E-03 ________  234.7261       3.0324     -1.356  89.233    -89.545   0.000     -1.085   344.155    213.6703      0.0160
uu -.119209E-06 RCVR____  200.0000       0.6236     -4.051  89.816    -89.841   0.000     -1.028   427.741    231.9084      0.0230
tt 2365884.    6236.******   28.****** 200001.******31907.   23.    0.   0.-103.2R
uu 0.168085E-04 MAX_LAT_  157.7666       0.2845    -12.042  89.894    -89.868   0.000     -1.019   476.741    269.4496      0.0255
uu 0.166893E-05 ________  149.9653       0.2890     -8.358  89.887    -89.869   0.000     -1.019   484.741    277.0929      0.0257
uu -.309944E-04 ________  110.1509       0.3657     -8.694  89.806    -89.870   0.000     -1.019   524.741    316.7588      0.0270
uu -.174642E-04 ________   70.1523       0.4554     -6.027  89.624    -89.869   0.002     -1.019   564.741    356.7570      0.0277
uu -.174642E-04 EXIT_ION   70.1523       0.4554     -6.027  89.624    -89.869   0.002     -1.019   564.741    356.7570      0.0277
uu 0.000000E+00 GRND_REF    0.0000       0.6156     -3.759  -0.005     89.868  -0.000      1.000   634.893    426.9094      0.0278
tt 2365884.    6156.******   26.89868.    616.************   28.    0.  -0. 100.3G
uu -.596046E-07 ENTR_ION   71.1421       0.7785     -2.863  89.366     89.869  -0.001      1.018   706.035    498.0513      0.0278
uu -.109076E-04 ________  120.1372       0.8886     -2.606  89.568     89.870  -0.000      1.018   755.035    547.0428      0.0288
uu 0.253916E-04 ________  159.6851       1.0062     -3.129  89.630     89.866  -0.000      1.019   795.035    586.2330      0.0300
uu 0.535250E-04 ________  194.8140       1.4069     -1.933  89.574     89.831  -0.000      1.025   835.035    617.8898      0.0319
uu -.238419E-06 RCVR____  200.0000       1.5399     -1.587  89.545     89.818  -0.000      1.027   842.052    621.9100      0.0324
tt       0.   15399.******   11.89818. 200006.************   32.    0.  -0. 103.3R
 xxxxxx NBETA,NFREQ, NAZ     7   1   1   7
                                    THIS RAY CALCULATION TOOK    0.000 SEC