                  FREQUENCY=    6.000000MHZ ,AZIMUTH ANGLE OFTRANSMISION =       0.785398 DEG
                               ELEVATION ANGLE OF TRANSMISSION =   60.000000 DEG
                                            AZIMUTH
                                           DEVIATION        ELEVATION
                    HEIGHT       RANGE          XMTR  LOCAL      XMTR  LOCAL      POLARIZATION	GROUP PATH     PHASE PATH ABSO RPTION
                     KM        KM        DEG     DEG      DEG     DEG      REAL	IMAG          KM           KM          DB 
PUNCH  teX       0.40000.****** 2000000.   60000.  4500000.  6000000.       -0. 100.3T
uu -.119209E-06 XMTR____    0.0000       0.0006      0.755 -35.358     60.000  -0.000      1.000     0.000      0.0000      0.0000
uu -.119209E-06 ENTR_ION   71.3257      40.6499      0.000  59.999     60.366  -0.007      1.103    82.208     82.2081      0.0000
uu -.119209E-06 ________   84.3677      47.9696      0.000  60.000     60.431  -0.001      1.103    97.208     97.2081      0.0001
uu -.178814E-06 ________  100.0298      56.7147      0.000  60.000     60.509  -0.000      1.101   115.208    115.2079      0.0003
uu -.417233E-06 ________  117.4429      66.3815      0.000  59.999     60.585  -0.000      1.100   135.208    135.2023      0.0010
uu 0.762939E-05 ________  148.6558      83.6215      0.000  59.980     60.349  -0.000      1.101   171.208    170.8957      0.0020
uu 0.718832E-04 ________  181.2393     102.2147      0.003  59.770     57.165  -0.000      1.139   211.208    206.8738      0.0033
uu 0.000000E+00 RCVR____  200.0000     114.3261      0.020  59.346     51.077  -0.000      1.245   238.924    225.7547      0.0049
tt       0. 1143261. -147. -137.51077. 231258. 7666.-5504.    5.    0.  -0. 124.1R
uu 0.763655E-03 ________  223.3140     136.5393      0.158  57.497     23.610  -0.000      7.066   295.924    247.0931      0.0092
uu 0.880241E-03 APOGEE__  225.3140     145.3103      0.111  56.067      5.417   0.000     -2.859   319.924    251.7938      0.0112
uu 0.868201E-03 WAVE_REV  224.9663     148.2744      0.080  55.481     -1.123   0.000     -2.066   327.924    253.2677      0.0118
uu 0.902534E-03 ________  224.1987     151.2670      0.051  54.846     -7.665   0.000     -1.672   335.924    254.7909      0.0125
uu -.119209E-06 RCVR____  200.0000     180.3781      0.031  46.696    -49.946   0.000     -1.031   408.352    278.4150      0.0184
tt 2253140. 1803781.  143.  221.****** 271211.****** 7204.   18.    0.   0.-103.2R
uu 0.140071E-03 ________  159.2139     206.2347      0.057  36.395    -59.887   0.000     -1.010   465.352    321.4573      0.0214
uu 0.110149E-03 ________  124.8379     225.2642      0.048  27.743    -60.677   0.000     -1.009   505.352    360.5575      0.0225
uu 0.120401E-03 ________   89.9907     244.5587      0.039  18.970    -60.539   0.000     -1.010   545.352    400.5376      0.0238
uu 0.121593E-03 EXIT_ION   69.1040     256.2368      0.035  13.861    -60.434   0.001     -1.010   569.352    424.5376      0.0240
uu -.119209E-06 GRND_REF    0.0000     295.5085      0.024  -1.329     60.080  -0.000      1.000   648.941    504.1264      0.0241
tt 2253140. 2955085.  115.  204.60080. 295482.************   24.    0.  -0. 100.3G
uu -.119209E-06 ENTR_ION   71.2974     336.0105      0.016  10.401     60.445  -0.007      1.096   731.051    586.2365      0.0241
uu -.178814E-06 ________   74.7773     337.9609      0.016  10.883     60.462  -0.004      1.096   735.051    590.2365      0.0241
uu -.762939E-05 ________  127.9028     367.4387      0.012  17.358     60.679  -0.000      1.092   796.051    651.2087      0.0255
uu 0.323057E-04 ________  162.2173     386.4035      0.010  20.772     59.737  -0.000      1.101   836.051    690.1481      0.0265
uu 0.136971E-03 ________  192.5718     404.4732      0.004  23.301     54.156  -0.000      1.172   876.051    722.4405      0.0283
uu -.119209E-06 RCVR____  200.0000     409.4952      0.002  23.832     51.059  -0.000      1.228   887.829    729.6631      0.0290
tt       0. 4094952.   17.  116.51059. 461402.************   29.    0.  -0. 123.3R
 xxxxxx NBETA,NFREQ, NAZ     7   1   1   5
                                    THIS RAY CALCULATION TOOK    0.000 SEC