                  FREQUENCY=    6.000000MHZ ,AZIMUTH ANGLE OFTRANSMISION =       0.785398 DEG
                               ELEVATION ANGLE OF TRANSMISSION =   74.999992 DEG
                                            AZIMUTH
                                           DEVIATION        ELEVATION
                    HEIGHT       RANGE          XMTR  LOCAL      XMTR  LOCAL      POLARIZATION	GROUP PATH     PHASE PATH ABSO RPTION
                     KM        KM        DEG     DEG      DEG     DEG      REAL	IMAG          KM           KM          DB 
PUNCH  teX       0.40000.****** 2000000.   60000.  4500000.  7499999.       -0. 100.3T
uu -.596046E-07 XMTR____    0.0000       0.0006      0.755 -35.358     75.000  -0.000      1.000     0.000      0.0000      0.0000
uu -.596046E-07 ENTR_ION   71.2168      18.8649      0.000  74.999     75.170  -0.003      1.048    73.699     73.6994      0.0000
uu 0.000000E+00 ________   85.7183      22.6536      0.000  74.999     75.204  -0.000      1.048    88.699     88.6994      0.0001
uu -.238419E-06 ________  103.1226      27.1768      0.000  74.999     75.244  -0.000      1.047   106.699    106.6990      0.0004
uu -.596046E-06 ________  122.4590      32.1738     -0.000  74.999     75.278  -0.000      1.046   126.699    126.6875      0.0011
uu 0.607967E-05 ________  156.9365      41.0498      0.000  74.984     74.991  -0.000      1.048   162.699    162.0549      0.0021
uu 0.931025E-04 ________  197.5581      52.0245      0.062  74.794     71.258  -0.000      1.084   210.699    200.0222      0.0044
uu -.119209E-06 RCVR____  200.0000      52.7424      0.080  74.768     70.723  -0.000      1.090   214.166    201.9859      0.0046
tt       0.  527424. -292. -273.70723. 207048. 7118.-5062.    5.    0.  -0. 109.1R
uu 0.282609E-02 ________  233.7212      66.7396      1.619  73.486     22.818  -0.000     14.402   303.166    222.2309      0.0119
uu 0.329351E-02 APOGEE__  233.7627      69.4535      1.295  72.854     -5.982   0.000     -2.173   323.166    222.9575      0.0135
uu 0.329351E-02 WAVE_REV  233.7627      69.4535      1.295  72.854     -5.982   0.000     -2.173   323.166    222.9575      0.0135
uu 0.108182E-02 ________  218.5176      80.8894      0.010  69.003    -61.880   0.000     -1.019   387.166    230.4500      0.0189
uu -.119209E-06 RCVR____  200.0000      88.3108      0.023  65.447    -70.543   0.000     -1.008   420.866    243.3801      0.0217
tt 2340327.  883108.   73.  313.****** 219188.******24192.   22.    0.   0.-101.2R
uu 0.846386E-04 ________  152.4277     101.8842      0.081  55.467    -75.184   0.000     -1.006   477.866    287.8629      0.0245
uu 0.727177E-04 ________  113.9697     111.7420      0.061  44.807    -75.366   0.000     -1.006   517.866    327.4178      0.0258
uu 0.748634E-04 ________   75.2754     121.7271      0.043  31.033    -75.280   0.000     -1.006   557.866    367.4146      0.0267
uu 0.748634E-04 EXIT_ION   67.5376     123.7388      0.040  27.941    -75.262   0.001     -1.006   565.866    375.4146      0.0267
uu 0.000000E+00 GRND_REF    0.0000     141.5114      0.020  -0.637     75.102  -0.000      1.000   635.726    445.2749      0.0267
tt 2340327. 1415114.   62.  323.75102. 141508.************   27.    0.  -0. 100.3G
uu 0.000000E+00 ENTR_ION   71.2036     160.2384      0.007  23.118     75.270  -0.003      1.046   709.378    518.9266      0.0267
uu -.417233E-05 ________  110.8638     170.4846      0.002  32.041     75.360  -0.000      1.045   750.378    559.9247      0.0274
uu -.554323E-05 ________  149.3979     180.3381     -0.002  38.499     75.245  -0.000      1.045   790.378    599.6066      0.0287
uu 0.464916E-04 ________  185.3027     189.7302     -0.012  43.055     73.293  -0.000      1.061   830.378    634.6409      0.0302
uu -.119209E-06 RCVR____  200.0000     193.8867     -0.018  44.569     70.826  -0.000      1.086   849.856    647.1459      0.0314
tt       0. 1938867. -105.  175.70826. 280659.************   31.    0.  -0. 109.3R
 xxxxxx NBETA,NFREQ, NAZ     7   1   1   6
                                    THIS RAY CALCULATION TOOK    0.000 SEC