                 FREQUENCY=    6.000000MHZ ,AZIMUTH ANGLE OFTRANSMISION =       0.785398 DEG
                               ELEVATION ANGLE OF TRANSMISSION =   45.000000 DEG
                                            AZIMUTH
                                           DEVIATION        ELEVATION
                    HEIGHT       RANGE          XMTR  LOCAL      XMTR  LOCAL      POLARIZATION	GROUP PATH     PHASE PATH ABSO RPTION
                     KM        KM        DEG     DEG      DEG     DEG      REAL	IMAG          KM           KM          DB 
PUNCH  teX       0.40000.****** 2000000.   60000.  4500000.  4500000.       -0. 100.3T
uu 0.000000E+00 XMTR____    0.0000       0.0006      0.755 -35.358     45.000  -0.000      1.000     0.000      0.0000      0.0000
uu -.596046E-07 ENTR_ION   71.4604      70.2820      0.000  45.000     45.632  -0.016      1.219   100.506    100.5057      0.0000
uu -.119209E-06 ________   92.2231      90.2712      0.000  45.000     45.812  -0.001      1.215   129.506    129.5056      0.0002
uu 0.000000E+00 ________  118.0811     114.9064      0.000  44.999     46.012  -0.000      1.209   165.506    165.4984      0.0011
uu 0.631809E-05 ________  146.7466     142.0200      0.000  44.970     45.716  -0.000      1.212   205.506    205.2117      0.0022
uu 0.594854E-04 ________  173.8970     168.6434      0.000  44.730     42.431  -0.000      1.281   245.506    242.4581      0.0032
uu 0.219107E-03 ________  195.9282     194.3422      0.006  43.919     32.722  -0.000      1.736   285.506    272.6961      0.0052
uu -.119209E-06 RCVR____  200.0000     200.3137      0.009  43.606     29.278  -0.000      2.135   295.032    278.5982      0.0058
tt       0. 2003137.  -99.  -92.29278. 285275. 9757.-6677.    6.    0.  -0. 213.1R
uu 0.220537E-04 APOGEE__  210.2900     235.6673      0.002  40.214      1.084   0.000     -1.785   352.032    306.4673      0.0097
uu 0.220537E-04 ________  210.2900     235.6673      0.002  40.214      1.084   0.000     -1.785   352.032    306.4673      0.0097
uu 0.337362E-04 WAVE_REV  209.7637     240.5872      0.001  39.536     -3.444   0.000     -1.560   360.032    309.9533      0.0103
uu -.119209E-06 RCVR____  200.0000     267.5306      0.009  35.147    -26.075   0.000     -1.132   403.922    331.1171      0.0135
tt 2103911. 2675306.   82.  105.****** 337356.66566.-6239.   13.    0.   0.-113.2R
uu 0.137210E-03 ________  132.9648     341.2978      0.021  19.545    -46.047   0.000     -1.029   516.922    424.5128      0.0184
uu 0.281930E-03 ________  104.1987     368.5306      0.018  14.004    -45.959   0.000     -1.030   556.922    464.4369      0.0199
uu 0.281453E-03 ________   75.5000     396.0146      0.015   8.947    -45.714   0.001     -1.031   596.922    504.4362      0.0205
uu 0.281453E-03 EXIT_ION   69.7749     401.5403      0.015   7.996    -45.665   0.003     -1.031   604.922    512.4362      0.0205
uu 0.000000E+00 GRND_REF    0.0000     470.0755      0.010  -2.114     45.048  -0.000      1.000   702.988    610.5026      0.0206
tt 2103911. 4700755.   86.  117.45048. 469969.************   21.    0.  -0. 100.3G
uu -.596046E-07 ENTR_ION   71.4165     540.1965      0.007   5.056     45.679  -0.014      1.194   803.349    710.8630      0.0206
uu -.536442E-06 ________  100.8125     568.3959      0.006   7.417     45.931  -0.000      1.189   844.349    751.8627      0.0210
uu -.327826E-05 ________  129.5879     595.6569      0.006   9.466     46.080  -0.000      1.184   884.349    791.8230      0.0223
uu 0.195861E-03 ________  195.8535     664.0651      0.002  13.196     32.592  -0.000      1.611   988.349    882.8423      0.0259
uu -.119209E-06 RCVR____  200.0000     670.1436      0.001  13.346     29.020  -0.000      1.905   998.099    888.8336      0.0265
tt       0. 6701436.   21.   59.29020. 709060.************   27.    0.  -0. 190.3R
 xxxxxx NBETA,NFREQ, NAZ     7   1   1   4
                                    THIS RAY CALCULATION TOOK    0.000 SEC