                 FREQUENCY=    6.000000MHZ ,AZIMUTH ANGLE OFTRANSMISION =       0.785398 DEG
                               ELEVATION ANGLE OF TRANSMISSION =   15.000000 DEG
                                            AZIMUTH
                                           DEVIATION        ELEVATION
                    HEIGHT       RANGE          XMTR  LOCAL      XMTR  LOCAL      POLARIZATION	GROUP PATH     PHASE PATH ABSO RPTION
                     KM        KM        DEG     DEG      DEG     DEG      REAL	IMAG          KM           KM          DB 
PUNCH  teX       0.40000.****** 2000000.   60000.  4500000.  1500000.        0.-100.3T
uu 0.000000E+00 XMTR____    0.0000       0.0006      0.755 -35.358     15.000   0.001     -1.000     0.000      0.0000      0.0000
uu -.596046E-07 ENTR_ION   71.6851     246.7789      0.000  15.000     17.220   0.767    -12.158   258.294    258.2938      0.0000
uu -.596046E-07 ________   88.7886     300.4764      0.000  15.000     17.702   0.256    -50.306   315.294    315.2937      0.0002
uu -.596046E-07 ________  101.0630     337.9870      0.000  15.000     18.036  -0.035     42.049   355.294    355.2931      0.0009
uu -.196695E-05 ________  133.8125     434.8348     -0.000  14.975     18.459  -0.000      9.913   459.294    459.1544      0.0037
uu 0.441074E-05 ________  157.5083     508.6109     -0.000  14.713     15.397   0.000     -9.528   539.294    537.4638      0.0052
uu -.882149E-05 ________  171.2891     581.7599      0.000  13.573      4.671   0.000     -1.720   619.294    610.8175      0.0073
GRAZE 
uu 0.000000E+00 MIN_DIST  171.9990     604.9926      0.000  12.937     -0.000   0.000     -1.476   644.834    633.2988      0.0081
tt 1719990. 6049926.   15.   16.   -0. 636553. 8281.-3255.    8.    0.   0.-148.1M
uu 0.000000E+00 MIN_DIST  171.9990     604.9926      0.000  12.937     -0.000   0.000     -1.476   644.834    633.2988      0.0081
tt 1719990. 6049926.   15.   16.   -0. 636553. 8281.-3255.    8.    0.   0.-148.2M
uu 0.391006E-04 ________  153.8975     707.9172      0.001   8.927    -16.042   0.000     -1.171   757.834    736.1989      0.0114
uu 0.371933E-04 ________  129.6729     781.7282      0.001   5.798    -18.480   0.000     -1.152   837.834    814.8228      0.0133
uu 0.430346E-04 ________  104.4746     856.2363      0.001   3.039    -18.114   0.000     -1.160   917.834    894.7303      0.0160
uu 0.426769E-04 ________   80.0410     931.3275      0.001   0.684    -17.447   0.003     -1.172   997.834    974.7288      0.0172
uu 0.426769E-04 EXIT_ION   70.5190     961.5214      0.001  -0.161    -17.175   0.014     -1.176  1029.834   1006.7288      0.0173
uu -.119209E-06 GRND_REF    0.0000    1204.7625      0.000  -5.418     14.987  -0.001      1.000  1284.367   1261.2612      0.0176
tt 1719990.12047625.   18.   20.14987.1202968.81399.58294.   18.    0.  -0. 100.3G
uu 0.000000E+00 ENTR_ION   71.6406    1451.5883      0.000  -3.731     17.208  -0.140      2.804  1542.694   1519.5884      0.0176
uu -.596046E-07 ________   91.1680    1512.8038      0.000  -3.395     17.758  -0.007      2.505  1607.694   1584.5883      0.0179
uu -.101328E-05 ________  115.9990    1587.6306      0.000  -3.020     18.384  -0.000      2.243  1687.694   1664.5771      0.0198
uu 0.154972E-05 ________  141.2510    1661.8549      0.000  -2.696     18.102  -0.000      2.227  1767.694   1744.2415      0.0219
uu 0.152588E-04 ________  163.2715    1735.3590      0.000  -2.530     12.953  -0.000      5.508  1847.694   1821.3276      0.0235
GRAZE 
uu 0.000000E+00 MIN_DIST  172.2251    1809.0626      0.000  -2.806     -0.000   0.000     -1.948  1928.592   1893.8995      0.0259
tt 1722251.18090626.   12.   16.   -0.1835299.93293.58600.   26.    0.   0.-195.3M
 xxxxxx NBETA,NFREQ, NAZ     7   1   1   2